Strain_x Strain_y Strain_z Stress_xx(GPa) Stress_yy(GPa) Stress_zz(GPa) Stress_VM(GPa)
1.79744388565036e-15 0 -2.78536233634369e-15 0.0340276127064768 -0.291962016664032 0.244094500370971 0.467842882389947
0.000500000000001833 0.000308846080672011 -0.000422743543999171 0.320830546500038 0.0532191368563618 0.164263158060615 0.232873343622051
0.00100000000000173 0.000514815895944596 -0.00128451515720652 0.435845921836547 0.0647368718267594 -0.10173158017634 0.476667202134724
0.00150000000000176 0.000462372857731142 -0.0017141180082392 0.519877141818584 0.0461285438130945 -0.101156620647022 0.562055863729041
0.0020000000000018 0.000260699601505337 -0.00179243218892315 0.68623797550543 0.0299738664704324 0.0900017912150606 0.628404137483907
0.0025000000000017 -2.10067663715968e-05 -0.00203398540688895 0.817566372536035 -0.00300087644332433 0.0211392539828989 0.808767429846615
0.00300000000000173 -0.000226177952295214 -0.00231916434492502 0.958753768387756 -0.0530473764709428 0.00987935600098333 0.981851307703796
0.00350000000000177 -0.000264912719143566 -0.00259607391780227 1.10409727048145 0.0328120815174041 0.0142740832865671 1.08067344577808
0.0040000000000018 -0.000396902298439663 -0.00287119747786793 1.24603950361381 0.0744793775390683 0.00674450064689878 1.2068540191205
0.00450000000000184 -0.000707003213320281 -0.00314398849154943 1.35362870426654 -0.0370369371695094 -0.0166600574651432 1.38058998874129
0.00500000000000173 -0.000921593492660618 -0.00331274818060012 1.45491776902 -0.0116765833147843 -0.0144555241636946 1.46798579549225
0.00550000000000177 -0.00109868998865311 -0.00345530415373914 1.64381827471144 0.0635503664933935 0.0475115354945104 1.58834805875681
0.00600000000000181 -0.00137890925887528 -0.00372200764877177 1.72392400686624 -0.0110715397485168 -0.0334052890717555 1.74626953782825
0.0065000000000017 -0.00155903117458486 -0.00389598581302447 1.84343675285781 -0.0347553216264744 0.0322705805829814 1.8455921602314
0.00700000000000174 -0.00163868264500106 -0.00410311527241881 1.98832915659278 0.0574295901216378 0.0732190907061164 1.92305343251138
0.00750000000000177 -0.00183832090180441 -0.0044465993238388 2.07012008084597 -0.00406599336699801 -0.0142816337548714 2.0793127154902
0.00800000000000181 -0.00203953848080003 -0.00469469828569544 2.18703807757214 0.0148798310497853 -0.0422055514891316 2.2012561580317
0.00850000000000184 -0.00224802611151635 -0.00479388893405776 2.35106585197236 0.0425904110591382 0.0278497009342094 2.31588098078021
0.00900000000000174 -0.00250949428898414 -0.00497315093320571 2.45464058111235 -0.0106480036019149 0.0236400364831532 2.44832464387413
0.00950000000000177 -0.00273815061021284 -0.00520061149615538 2.59608210303853 0.0413482844866104 -0.00870550639569417 2.58012487642523
0.0100000000000018 -0.00299369068328563 -0.00537197490737037 2.72297357969041 -0.00435830507597685 0.0519390241259562 2.69962351041382
0.0105000000000017 -0.00316339997879019 -0.00566096628965749 2.80047002242823 -0.00521379693200852 -0.00783899487368265 2.80699733902112
0.0110000000000017 -0.00326820747648733 -0.00593401270862476 2.94778301249391 -0.0143587350706058 0.0154117528400083 2.94736926928568
0.0115000000000018 -0.0033948055752851 -0.00618063313227225 3.0621881413424 0.0508135522029823 0.0163967495590633 3.02872965405302
0.0120000000000018 -0.00361191943589485 -0.00643060690256553 3.19873125484392 -1.14730672401168e-05 0.027985568530479 3.18483650137476
0.0125000000000018 -0.00378753786613466 -0.0066780212580209 3.30878681741264 0.0102228354523539 0.00898473209765882 3.29918320787394
0.0130000000000017 -0.00400262827317668 -0.00692883576489134 3.36239848306294 0.0338613210948001 0.00757255151502959 3.34175910030894
0.0135000000000018 -0.00424346051283047 -0.00715913435441607 3.48589833138595 -0.0360962810616364 -0.022988486699029 3.51545904303502
0.0140000000000018 -0.00435606857296666 -0.00731622732345722 3.63590401568976 0.0418867140367141 0.0374455988114537 3.59623991594611
0.0145000000000018 -0.0045429269692387 -0.00753517802990081 3.75686954100777 0.00472182275643023 0.0535152112759427 3.72799051674528
0.0150000000000017 -0.00475315447384817 -0.00782444207189962 3.8594922189635 0.0380507502257907 -0.0116605106366368 3.84653802557152
0.0155000000000018 -0.00501077386318037 -0.00803787498671586 3.89293877075127 0.013274130296942 -0.0325472502404273 3.90277707679462
0.0160000000000018 -0.00525880549418537 -0.00818855369418377 4.01715563242023 -0.0288314045818327 0.0738158169789828 3.99565241579689
0.0165000000000019 -0.00542091401864707 -0.00848820627608222 4.09574242207463 -0.00433559008279657 0.0264294776443536 4.08478237087833
0.0170000000000017 -0.00554296620870662 -0.00883389010644679 4.21737365126399 0.00322489034325803 -0.0289322438689227 4.23031899597956
0.0175000000000018 -0.00568467503140677 -0.00905094164024266 4.31861920819525 0.0619438594751483 0.0276543068821201 4.27392329026386
0.0180000000000018 -0.00598178457978669 -0.00924539981066375 4.42228859138884 0.0149156680111446 0.0178527410966657 4.40590512105402
0.0185000000000019 -0.0062519670837239 -0.00944529490145883 4.51715645670899 -0.0148995446905695 0.00265533881842274 4.52330410856887
0.0190000000000018 -0.00641275633511993 -0.00965633921208405 4.56795389111089 0.0246218559766166 0.0565154796087172 4.52746947673217
0.0195000000000018 -0.00664188708290456 -0.00995676514578613 4.64743491879036 0.0333314233415958 -0.0266916169817317 4.6444059202707
0.0200000000000018 -0.00692417730734835 -0.0100981666823977 4.78230001104827 0.00221669521327827 0.0199780871436119 4.77122741442233
0.0205000000000019 -0.00719472188006064 -0.0102673885404412 4.81242338072903 0.0876802972466106 0.0823400540278006 4.72741546728493
0.0210000000000018 -0.00755134209458499 -0.01053657629013 4.95726630264084 -0.0800706549651703 -0.0784900426258747 5.03654683745186
0.0215000000000018 -0.00771015459951466 -0.0105774467709866 5.04411426030836 0.0823706739651647 0.0420031000532606 4.98205003071978
0.0220000000000018 -0.00801886771602964 -0.0107563614540405 5.15796749278619 0.0122622973110363 0.0927760567807613 5.10592443674927
0.0225000000000019 -0.00831608452082583 -0.0110933194620515 5.21324937454892 -0.0593071154616192 -0.0487569209567598 5.26728931713921
0.0230000000000018 -0.00844385081025188 -0.0112785082056993 5.32825566695151 0.0663471800920972 0.0419775232052674 5.27413554136169
0.0235000000000018 -0.00870287703656605 -0.0115358573139532 5.3973117877587 0.0218092252949561 0.0293191243344407 5.37175155010982
0.0240000000000018 -0.00896021902773542 -0.0118373836928003 5.41784278466965 -0.0235152218601563 -0.0082562915876334 5.43374461009805
0.0245000000000019 -0.00908416255708671 -0.0120591102039699 5.53621007410755 0.0170051390392138 0.0432090783053902 5.50614973014716
0.0250000000000018 -0.00920769175814645 -0.0123270599253864 5.59875636296275 0.0603337596582498 0.032475138827403 5.55240433063508
0.0255000000000018 -0.00941811710017399 -0.0126114234966732 5.70420810786036 0.00517195285709657 -0.0139972567686985 5.70864489816562
0.0260000000000018 -0.00963991400963716 -0.0128499563611324 5.70509941072436 0.051244070412289 0.0381597449476385 5.66040884496437
0.0265000000000019 -0.00993048373317851 -0.0131167791254999 5.78329267636104 -0.02203834658231 -0.0177760851946026 5.80320106618396
0.0270000000000019 -0.0101271704974794 -0.0132901503327964 5.85810001568226 0.0293291545376757 0.00875683771250427 5.83908419983858
0.0275000000000018 -0.0103642944388869 -0.0134539927156891 5.91308049504307 0.0226230689243197 0.0932451903536979 5.85546578619761
0.0280000000000018 -0.0106471335337406 -0.0137628636926451 5.92237633757618 -0.0123469712330469 -0.0375320661303159 5.94735585036325
0.0285000000000019 -0.0108702635077506 -0.0139477207587715 6.02815314646781 -0.0220588369029444 0.0490235628882804 6.01498579917356
0.0290000000000018 -0.0110241049762094 -0.0141952115664686 6.1212900542756 0.0194098866625801 0.107221378427727 6.05845171953238
0.0295000000000018 -0.0111886674631726 -0.0146211673683964 6.13735535831364 0.0549892171233011 -0.0499346069456431 6.13550095748318
0.0300000000000018 -0.0114145305130017 -0.0148791944902861 6.17754567908208 -0.0153161631450067 -0.0224761483894877 6.19644493735823
0.0305000000000019 -0.0115860091043398 -0.0150224796167701 6.28022850795972 0.0747963135862895 0.0405109417052173 6.22264571996174
0.0310000000000019 -0.0118844359981293 -0.0152384669812319 6.34178050966975 -0.0372152458570591 0.0604351041167715 6.33073544478604
0.0315000000000018 -0.0120863331636916 -0.0155504123416214 6.36538544695839 0.0545470653731504 0.00795753524251449 6.33426165055846
0.0320000000000018 -0.012286068152673 -0.0158440239857497 6.42520878636728 -0.00606850717661626 -0.00519158048307419 6.43083887503967
0.0325000000000019 -0.0124287527667968 -0.016105312535286 6.55690907513959 0.0214242464882274 0.0485003798186769 6.52198891473518
0.0330000000000018 -0.0125960812488264 -0.0164428797747766 6.61247313341338 0.0623680300539149 0.00476211086471923 6.57909721255479
0.0335000000000018 -0.0128649524138365 -0.0167191666726317 6.65623402893759 0.0015730587989333 -0.0133809862417075 6.6621505800175
0.0340000000000018 -0.0130894701520159 -0.0169315267840644 6.7397655972038 0.0260522787081923 0.00558987006107608 6.72396787459426
0.0345000000000019 -0.0133137541047181 -0.01716693335084 6.8254330164044 0.035529886621761 0.045104492487201 6.78512089343863
0.0350000000000019 -0.0135942044370262 -0.0174391944497966 6.82015802959057 0.0278785451024275 0.0233373252126465 6.79455123262519
0.0355000000000018 -0.0139293942855197 -0.0176669870287704 6.86122060216019 0.0348900650034415 -0.0234877148556624 6.85570584178198
0.0360000000000018 -0.0142666228744158 -0.0177870509779452 6.92282813407741 -0.0151073980594686 0.0509551037848241 6.90514129640734
0.0365000000000019 -0.0144715758303966 -0.0179974870036306 7.05110036429916 0.00586653900704364 0.0436369272241013 7.02642476929804
0.0370000000000018 -0.0146323100677269 -0.0183427556061138 7.10644561464124 0.0441221672562219 -0.001104309421586 7.08504494808334
0.0375000000000018 -0.0148583524983075 -0.0186748617036145 7.08437232280084 0.0421237751041578 0.0179332346170629 7.05437492542028
0.0380000000000018 -0.0151527287775431 -0.0189264530701689 7.10076170975036 0.00715684675441456 0.00399229541710694 7.09518766795216
0.0385000000000019 -0.0154450795507759 -0.0190802456011985 7.25844240500402 0.00664564755282196 -0.0211507052643252 7.26573481141708
0.0390000000000019 -0.0157283258451863 -0.0191998136989809 7.27353115862846 0.0462958343034394 0.111141154119689 7.19503182499426
0.039500000000002 -0.0160204289148757 -0.0195231372254912 7.3503131780072 -0.0254436789665377 -0.0123986011436811 7.36924297774533
0.0400000000000018 -0.0162451055167457 -0.0197780702800888 7.43446009816403 0.00659546295553145 -0.0124562486925644 7.43740879217277
0.0405000000000019 -0.0164767878052306 -0.0199802869664536 7.41179913697038 0.0198928406412882 0.0546847327316424 7.37457190372845
0.0410000000000018 -0.016700243348435 -0.0203175115760282 7.42643272871472 -0.00447752436834823 0.0652523710846491 7.39629183122373
0.0415000000000018 -0.0168622883567856 -0.0207260235736944 7.47066684649904 -0.000538727169837301 -0.0428857785913727 7.49246885368194
0.0420000000000018 -0.017021264034177 -0.0209591719082156 7.52162686486448 0.055441627580422 0.0213391811882374 7.48329473935759
0.0425000000000019 -0.0172932917064801 -0.0211960631533509 7.53359429441304 0.052752760581633 0.0492051069716176 7.48261599139075
0.0430000000000019 -0.017610851485979 -0.0214688923145281 7.57057758768274 -0.01816091065244 -0.0247435018752629 7.59203193420926
0.043500000000002 -0.0178326449284628 -0.0216190593866306 7.62777611147238 -0.00213228815059861 0.0382763798751083 7.60978453121387
0.0440000000000019 -0.0180131177866207 -0.0218420184489295 7.71608579679424 0.0560901058350673 0.0752437994870532 7.65043682665594
0.0445000000000019 -0.0182946058558062 -0.0221916016251081 7.71119337300188 0.0304222040569195 -0.0153873118671089 7.70377807771083
0.0450000000000019 -0.0186191033336165 -0.0224151582002257 7.69496179134723 0.0705078803207967 -0.0784265047553988 7.70000144462355
0.0455000000000018 -0.0189738565946336 -0.0224781404271448 7.71792148975511 0.0159588572056861 0.0497715987887133 7.68511205009429
0.0460000000000019 -0.0192865869529667 -0.0226632144692274 7.80305778618765 -0.00671548130955552 0.032081424999517 7.79044726879651
0.0465000000000019 -0.0195016784315298 -0.0229162833638037 7.89185418526401 0.0175165377237519 0.0122279690859554 7.87698326337909
0.0470000000000019 -0.0197046729596594 -0.0232171226791428 7.88867598484348 0.0261840246261582 0.0430595413141402 7.85406779912561
0.047500000000002 -0.0199342576693427 -0.0235376930577944 7.89236422471561 0.0175959310918604 0.00233523793198488 7.88240971972732
0.0480000000000019 -0.0201530470024725 -0.0237518554703664 7.95822940429656 0.032084618094007 -0.0330497115753612 7.95891184649378
0.0485000000000019 -0.0204171846039162 -0.0238774839566688 7.99320552698172 0.0808635109360708 0.0955345594381287 7.90501670238989
0.0490000000000019 -0.0207754012336747 -0.0241638123965484 7.96085622619324 0.0182280729129568 0.0381737769053242 7.932674107911
0.0495000000000018 -0.0211018916849076 -0.0244484652847502 7.96743101009215 -0.0178928147597016 -0.029321080537778 7.99104408672607
0.0500000000000019 -0.0213257563701181 -0.0246321496337189 8.0614449450108 0.00822787257761296 0.0484898980963907 8.03316173216684
0.0505000000000019 -0.0215435702090404 -0.0249136673921343 8.07676371276661 0.047316215155096 0.067950078141328 8.01915047580981
0.0510000000000019 -0.0218453040028532 -0.0252830667852004 8.0521772150242 0.0368942072054444 0.00982232659394008 8.02885317880474
0.051500000000002 -0.0221038525337841 -0.0255821896563743 8.08413057810827 -0.0353204362557815 -0.015049318710556 8.10933445770669
0.0520000000000019 -0.0222593198159612 -0.0257755123707319 8.16949100568923 0.113487069071467 0.0110468517895881 8.10770943106673
0.0525000000000019 -0.0226024403237891 -0.0259617026994845 8.20176668596263 0.0102734690014048 0.0341064056681259 8.17960278946027
0.0530000000000019 -0.0229178758867097 -0.0262260531159814 8.15287724966834 0.00565732889706248 0.0537229961973051 8.12329373983556
0.0535000000000018 -0.0231521860959225 -0.0265455645182461 8.1953658998782 0.0157783370317901 0.00966059572284654 8.18264814872018
0.0540000000000019 -0.0233404509400128 -0.0268169597450724 8.24025906693227 0.0363661332881906 0.041690950667802 8.20123182142182
0.0545000000000019 -0.0235962327949338 -0.0271234199219218 8.21988534337303 0.0985037471874114 0.0253662092645991 8.15819624578819
0.0550000000000019 -0.0239910459296347 -0.0274224038934021 8.19732876253491 -0.072844929087214 -0.0197425387168867 8.24375077022946
0.055500000000002 -0.0241664707542926 -0.0276136428277145 8.25229449496692 0.0424741144446413 0.0198890967534048 8.22113615639585
0.0560000000000019 -0.0243547500716756 -0.0278495933320016 8.19476907325287 0.0891001249523384 0.0352130466462129 8.13274638323318
0.0565000000000019 -0.0246952610793275 -0.0281501268731851 8.19580966614759 -0.0250755470922008 0.00240143292366528 8.20718121982076
0.0570000000000019 -0.0249275599920845 -0.0284067647215655 8.17230511845994 0.000164570801215555 0.0115439196652599 8.16645681933178
0.057500000000002 -0.0250662010811441 -0.0286497914866885 8.29358501762227 0.0203846182679516 0.0557947201876057 8.25555230459183
0.0580000000000019 -0.0252339662527371 -0.029006861264301 8.30359538366587 0.042145560609013 0.0456199958235168 8.25971315351799
0.0585000000000018 -0.0255098798531064 -0.0293933939989935 8.20338448956872 0.0585457462475602 -0.0671916134924979 8.20842972543674
0.0590000000000019 -0.0258061801212095 -0.0295592539880198 8.27471315237331 -0.0334050001251437 0.0337101659674673 8.27476470672562
0.0595000000000018 -0.025963950257237 -0.0297557451339137 8.35109574120336 0.0537036082970909 0.0508740107873242 8.29880729345813
0.060000000000002 -0.0261957887950574 -0.030054556785782 8.37201189027937 0.0392106565939341 0.00915019876999753 8.347872055277
0.0605000000000019 -0.0264989460524291 -0.0303287159931329 8.32922062732264 0.0133631229684981 0.0167567397076492 8.3141612154282
0.0610000000000019 -0.026764249921982 -0.0305922502636723 8.29125583341556 -0.0239520071627269 0.0479612974977612 8.27948542366294
0.0615000000000018 -0.0269270328020789 -0.0309141089668033 8.38433807779344 0.0487204156656197 0.0327123954627856 8.34363318955397
0.062000000000002 -0.0271587469367333 -0.0312520724099462 8.37767014768216 0.0109512069182268 0.0421508197757127 8.35116284464273
0.0625000000000019 -0.0273703098702356 -0.0316155813592424 8.36977068743809 0.0371609453809068 0.050562565669865 8.32591702127
0.0630000000000018 -0.0275858405065809 -0.0319735266422194 8.38572394552828 0.0351511554631132 -0.0239633876232441 8.38028643581919
0.063500000000002 -0.0278472260928898 -0.0322004205867527 8.36880531435021 0.0900632149682821 0.00432865780245584 8.32194060602163
0.0640000000000019 -0.028213735914642 -0.032383542425348 8.39377214079539 0.0324636098212061 0.0194985862773472 8.36779857572699
0.0645000000000019 -0.0285694196170773 -0.0325450849813164 8.45516421678288 -0.000332119660715057 0.0117066472930496 8.4494833852519
0.0650000000000019 -0.0288641748890893 -0.0327293483688707 8.41443326272992 0.0047217520270813 0.0763067747058976 8.37414847727838
0.065500000000002 -0.0291267529178295 -0.0330264999178949 8.43631638386514 -0.0158591300584289 0.0300096285502945 8.42933473429658
0.0660000000000019 -0.0293168030162801 -0.033378855527004 8.34375544504565 0.0348396558451329 0.0551244251145807 8.29879199788902
0.0665000000000021 -0.0295508071431424 -0.0337330028377873 8.41543176036121 0.00614873687378162 -0.0321296894616412 8.42848742822726
0.0670000000000019 -0.0297450395722058 -0.0339872905467423 8.41105722710272 0.0156256170792551 0.0869047348006996 8.36001995650436
0.0675000000000019 -0.0299352702631504 -0.0343733324262745 8.40474770427992 0.0441791511861669 0.000418615475179936 8.38253448989014
0.068000000000002 -0.0301902537207283 -0.0346647219910767 8.3539596649192 0.0287843883260918 0.0317005136670124 8.32371759703514
0.0685000000000019 -0.0304242723051649 -0.0349502375800215 8.35417459051819 0.0230843865732211 0.0438234907803225 8.32074003612736
0.0690000000000019 -0.030684822210414 -0.0352434650707124 8.34511848473963 0.0718010859216691 -0.0136628343558543 8.31637871924171
0.0695000000000019 -0.0309926106262554 -0.0354406763275648 8.40351048988599 0.0374986502676183 0.0445318898301003 8.36249743806495
0.070000000000002 -0.0312664703689907 -0.0357195602235267 8.38635806299698 -0.0067092968797141 0.0755097741034752 8.35226133942374
0.0705000000000019 -0.0315062134873973 -0.036072443258341 8.39410316925376 0.00493628698787974 -0.018126848688556 8.40072219399927
0.0710000000000018 -0.0317073405177864 -0.0363059298493393 8.41800731837874 0.0111213238381369 0.0419824562306407 8.39149798981143
0.071500000000002 -0.0319078933069341 -0.036560874720476 8.40677767247015 0.0670726358437273 0.0524082885978007 8.34704687129514
0.0720000000000019 -0.0321759118601654 -0.0368630234057555 8.40852327015599 0.0152345177000858 0.010201136935983 8.39580657442624
0.0725000000000019 -0.032417997079144 -0.0371074505706948 8.41008414239853 0.0299408031663985 0.0189775178686686 8.38563035686436
0.073000000000002 -0.0326978165754817 -0.0373186390452687 8.45123025433953 0.00286861105046247 0.0415977550625954 8.42906380256101
0.073500000000002 -0.0329423419147713 -0.0375821300290307 8.41435265089276 0.0238197391022497 0.0768289288475637 8.3641543007558
0.0740000000000019 -0.0332126494107542 -0.0379551390328892 8.356747014121 0.0382952096257275 0.0181447948124507 8.32854529419109
0.0745000000000021 -0.0335146155156692 -0.0382424305266235 8.35360922738007 0.0286918512659005 -0.0193047954678493 8.34901917087357
0.075000000000002 -0.0338038085487612 -0.0384362414278999 8.36821952967216 0.00957150406864753 0.0787826225147712 8.32425826222929
0.0755000000000019 -0.0340335647443457 -0.0387845094698431 8.36082031598318 0.0123104475324683 0.0346725983155895 8.33735128520527
0.076000000000002 -0.0342478347350023 -0.0391555183773884 8.30841150691179 0.0437324262761966 0.0612701063243009 8.255924211056
0.0765000000000019 -0.0345136524362969 -0.0395189029919066 8.29249218270536 -0.00240478889282412 -0.0194218537364857 8.30341858209989
0.077000000000002 -0.0347122960302202 -0.039735742431138 8.34260983914447 0.0191288037226429 0.0273484654361324 8.31937424999475
0.0775000000000019 -0.0349065467116536 -0.0399550738204397 8.37841185753037 0.0562314772618865 0.0676761557485161 8.31646394711306
0.078000000000002 -0.035169145121406 -0.0402880545763333 8.34025794054885 0.04916647278215 -0.0351951250734668 8.33359252245119
0.0785000000000019 -0.0354490437097913 -0.0405018516264268 8.31240846803773 0.020663070913632 0.0173620538477972 8.29339639837044
0.0790000000000021 -0.0357025352281808 -0.0407006537592159 8.3736563815086 0.0602131082647632 0.0199112660668905 8.33366728246616
0.079500000000002 -0.0360214471827964 -0.0409319411842139 8.35419593294649 0.0496802409940359 0.0176297831138461 8.32058721726629
0.0800000000000019 -0.0363491172457665 -0.0411486580259813 8.35185356518888 -0.0131554369663965 0.0401647115101533 8.3384767867021
0.0805000000000019 -0.0365429214752121 -0.0414153504718361 8.3860240179806 0.0372428763548735 0.0395327773217029 8.3476364267021
0.081000000000002 -0.0367499170526726 -0.0417237143149091 8.42024184632565 0.0352106448682428 0.0217773881175298 8.39175589366094
0.081500000000002 -0.0370109508061973 -0.0420100982495966 8.43352905875338 0.0230453409385976 -0.00705679474235255 8.42557511557616
0.0820000000000019 -0.0372669841920437 -0.0422581284439586 8.4052271016727 0.0350384639540827 0.0591330377195512 8.35816739793577
0.0825000000000021 -0.0375771965320343 -0.0425792772924463 8.32169102480532 -0.0134615735632023 0.0303263505147067 8.31334512643553
0.083000000000002 -0.0378444938337947 -0.0428484765888224 8.27808369325221 0.025632780791929 -0.00944902277897533 8.27004762122914
0.0835000000000019 -0.0380888661004212 -0.0430556210721068 8.32135275768531 0.0429432138778684 0.0495011631695657 8.27513251807467
0.084000000000002 -0.0383328456364002 -0.0433500274679887 8.29424874892765 0.0117100085088738 0.0467917695430579 8.26505370046967
0.0845000000000019 -0.0385283265178596 -0.0436697806171388 8.28790368047759 0.00824143921163873 0.0128371141934248 8.27736536061166
0.085000000000002 -0.0386560860848594 -0.0439541829902052 8.3426561893441 -0.00959239261847475 0.0527287523622097 8.3212630414629
0.0855000000000019 -0.038752172222299 -0.0442633932584333 8.44124599511731 0.0652424358316093 0.0252257223144318 8.39608343797144
0.086000000000002 -0.0390113869053847 -0.0445240002988214 8.41430369355698 0.0533216279010062 -0.000870634423946872 8.38820948933162
0.0865000000000019 -0.0393253404682245 -0.0447452747726856 8.36473563759809 -0.00437859876926962 0.0275273391748272 8.35320696803152
0.0870000000000021 -0.0395884077697056 -0.0450096531611038 8.37365041206153 0.053032635566642 0.00625027640609959 8.34410731599905
0.087500000000002 -0.0398819754400008 -0.0452268880490642 8.39223156966904 -0.0347929948895978 0.059898650452259 8.38007999353335
0.0880000000000019 -0.0400815095644886 -0.0454790094641697 8.41612833719044 0.0478866151056271 0.000793556849242577 8.39188735448103
0.0885000000000019 -0.0403501345343562 -0.0456917642058363 8.41968910085408 0.0189948600083504 0.0658365247022266 8.37737162640553
0.089000000000002 -0.0406568303774034 -0.0459753048552012 8.33304215673731 0.0159531547226828 -0.00143472271474088 8.32579655828303
0.089500000000002 -0.0409266362914545 -0.0461952599749363 8.35937119591704 -0.00864034954530865 -0.00880113331288374 8.36809193850462
0.0900000000000019 -0.0411255553689432 -0.0463321376387089 8.41735105925034 0.0915316222097388 0.0614618517480299 8.34089497408258
0.0905000000000021 -0.0414509651131242 -0.0466112516007259 8.32145349718249 0.0204471754382019 0.0536236272437382 8.28446791860662
0.091000000000002 -0.0417055838207418 -0.0469552578623287 8.32973913335929 -0.0264827336678086 0.00699984312582786 8.33953099002355
0.0915000000000021 -0.0417967555981009 -0.0472347653501335 8.42328143131346 0.0593330458037863 0.0137181467662384 8.3868488704426
0.0920000000000021 -0.0419968363779001 -0.0475266714135479 8.38747425797596 0.0299426446799737 0.0497579176391851 8.34764161557632
0.0925000000000019 -0.0422641907514799 -0.0478645900066609 8.29738244023393 0.021698914133386 0.0140212973206908 8.27952500430722
0.093000000000002 -0.0425224853700678 -0.0481421938400744 8.26458767975306 0.0225265031986624 0.0168646048925533 8.24489358375062
0.093500000000002 -0.0427720240809907 -0.0483887419936475 8.27260088403057 0.0384861113506484 0.0109735383596863 8.24790547442426
0.0940000000000021 -0.0430038081782754 -0.0486319520023232 8.26883563442805 0.0218051624233961 0.0464279241962837 8.23474670041069
0.0945000000000019 -0.0432193236992399 -0.048930654613016 8.31479273689311 0.00286318860437958 0.0164744325692876 8.30513229158794
0.0950000000000021 -0.0434364735056048 -0.0492209950595962 8.20890456413625 0.0979139284476322 0.0105049103115921 8.15504648400339
0.095500000000002 -0.043805564205024 -0.0494461069179687 8.17126971159652 0.0489227844060011 -0.00436469611153861 8.14912133698232
0.0960000000000019 -0.0441576818367892 -0.0495946873356976 8.18847710413443 -0.0178396092718947 0.0477052117227045 8.17374140551841
0.0965000000000019 -0.0443848654494681 -0.0498114386427313 8.20605369060796 0.0311071997581169 0.0724494616199462 8.15435396167856
0.097000000000002 -0.0446275932101866 -0.050111301981788 8.23876235269866 0.0587637533554667 0.033202254602341 8.19280925565052
0.097500000000002 -0.0449622532012962 -0.0503651083981644 8.17785326980408 -0.014320681790204 0.0354850732975585 8.1673849705368
0.0980000000000019 -0.0452364819633426 -0.0505680904926685 8.251159657382 0.031150104306981 0.0584121974325176 8.20641246882202
0.0985000000000021 -0.045536408486199 -0.0508443900962262 8.13173696475996 0.0522853797744544 0.0618768304676677 8.0746601320765
0.099000000000002 -0.0459021344687976 -0.0511752409625668 8.07688503309718 0.0116787894269176 -0.0575585887473009 8.10004687037182
0.0995000000000022 -0.0462008250370555 -0.0513161742246536 8.13279053184243 0.0401003823614594 0.031116183443933 8.09718598708325
0.100000000000002 -0.0464992171959127 -0.0514824184486454 8.14663754437545 0.0396152767698899 0.0353983997710028 8.10913152842114
